118 . noum 1111111111

1111111111 Albaniam 11111111.
11111111111111111 secures s

. (1111111111811111111111 attinet* .

11. 1111111111 s 111111111111, 18,17. 111111111110111. 11111-
11111. (111 ’ΒΤ1.) *1111111111 '

1111111111 1111101. 1, 111, 1. 01. 11111111 1111 Lari 1111111111 pro
1,1,58. 1111111111111111111 copia 1111111111. 1111 11111111111
Longam 11111 1111111 111111111111, virgo 1111111 ingenua. -111111111-
11111 11111111 1111111111 11111111 11111]11111111111111111111111111111
11111. - 1111111]111ι11111111111- reperto (1111111 smmum 111
1111111.» - 11111111] 11 111, 11111 11111111 1111111111. 1111831141.
111111111111111111. 1111111111 111 1111111111111111-111-11111111111-
11111 1111 1111111111 11111. 111111. 1111111111 11111111 11111111 11111·
1111111111111111111 111111 lam 11111111. - 1111111]1111111
111111111111111111111. «11111111, 111111111111111111111111

1111. 01111111] «1111111111 1111111111», 11111. Eum). ΕΙ.
1111111 1111111111.» virg. Ge. 8, 7781 111111ηςμυρσ1111ςκλό1ιοις.
ms 11 11111 1111111111 1111111111 17.1111111111111111111111111111,
1111111111 1111111. - 11 1111111111111] 11111111 1111 qui 111111 1111111111
11111111 11111 111, 1111111111· 111111. Η. 1. qut 1111111111, 1111
rjus.» - 1111111] 1111111111· 1111111111111111111111 1111111
vm, 1111111111(01.1, 18, 1111111111111111111111111111,111
11.) «1111111», 111111, 11111111, qast 11111 11111111 11111111 11111111
1111111111 111111111 1111111 1111111 1111111111 1111111111,111, 1111. 1.
1111111111 11111 1111111111 1111111, 1111111111 11111111, 1111111111 1111-
dummodo, 1111111,11111111111 111111111111111111111111111111 11·
11111111111111111111111111111 111111. 1111111111 111111111
11111 111111.» 1111111111111111111- 111111111111111111111, ἁγνή. 0111.
11111111 111 constructio 11111111 1111 1111. 11, ,81 Non 111111 immunes
1111111111111111. -11111111111111 111111 111111 manua. 1111. 1, 71
11111111111111111111111111 111· 11111111111111111111111 1111111111.
11111111 1111111.» Festus: 1111· 1111111111 11 11111 1111111111 11111111
1111111111111111111111111111111 interdum 1111111111 1111111 19·
111, quae 1111111111 11 1111111- 1ρὸς 11, 111111111111(811. 1, 8,
11111111111111111111111111.111. 111,), 1111111 (01.1, 10, 18.),11

1111. Ρ11111--1111]11111. 11111111. 1111111111 ’1111111111111-
11, 1371 0 pam 1111111111 Lam, 111111 11 cerunt-tm 11111111.
quos 11111 minuto ’.111111111111 floro. 111. 1111 11111111 &smmis
1111 11111 1111111 1111111. Coto 111111111111(Η1111111)111111111
11111131 1111111 Kouma, Nos 1111 quoque 1111 3111111111 vd
111,111111.1111111 dmum 1111, 1111111111 1111111, 111111 111111
1111111111 1111111111111111 111- 1111111 1111111111 1111111111 11111111

 

