’ um. 11111. 11111. 111

Occasionem 61 611, dumque 111111 genno
111 decet, 1116111111 solvatur 111111 11111111. 5
’11 111101111111 11111 consulo 111111 noo.
Cetera 111111 ioqui: 6111111111111111 benigna
11161111 111 sedem 1111. 11111111 Achaemenio
Ρ111111161 nardo iuvat 1116101111
1111111 diris 11111111611111161111111 ¹⁰

0. 111111111111101. (111111, 111111 111111.) - 10. 61111 1 016.
0111111 11 Ed. 11111111 1100. 111111. (1111111 11 1111111111 1111116011.)

1111111111.11.1.1106. - 111111] 1111111 11111111 1111111111. -· To)
01106.1,11,1.1106.11,1. «1111111111», noo «1111111111,
1161111(11011.0,0,11 0111111· 11111111611111. ·- 1111111013,
111 11111111, 1111, 111 111111 01, 61 11111 moveri 611111 11111
11111,111.)1Ι1111111111;1.1111111 611. 06. 0, 06, 7. 1111 1111161
6., proptor 11111 1111111111 111· «proferri 111111 11 11111111.» 1111·
1111111111111111, non 16111111, ooo», 11111111 schol.. 1111161111
11 111111111611111111111111, 1111 11111111. - Torquato] L. 11111111
11111111 1111111111. Fuerunt, 111 Torquato 11111111 1. 1. 1. 600.
amicimus 11111 111 11111111. 11111111 111111. 06. 6,01, 1.
1111111111 - 111111] 6111111116 7. 8. Cetera] 11111, 1111111111
1111111 11111111, 11106. 1. 0, 171 111 1111111, 1111111 nuno.» 6111
111111 1111111 11111111 11111 111· 111111111111111111 11111 11111111
1111. 0116. 11111. 11, 0761 com 11· uorum 111111 11111 11111111 1111111,
1111111111 omo 0111111111 onim! 11111111 61111 1111111111 tenpori-
corporaque 1111111111. 7111. 1111. 11111, 111 ἀντιθέσεως 16 11111111
6, 0011 11161 611 1111611111 11- 11106111 11111111111111 1111 111111,
111111. 611111111111111111 ro· 11111111111111. (8111111111 06. 1,
1111111111161. 011111. N. 11. 0, 01 Permitto 61111 111111 111.)
16111111 11111111 1111111111. 7111111. - donodono] «6111111111111111
11, 701 zoor τι 611, ἅς γόνυ 11101116111116611111111111111111
χλωρόν. ’1111111111 0771 Ταῦτ’ 1111111111 111, 11111 111111 1111111.»
1111111 κραδίην εὖ πείσομαι, 6111111111111116 0111011. 081
ὄφρα τ’ ἐλαφρὰ. roomo 11111 111 111111111111 11 1111011111
1111111111 ἀτρεμέως προφέρω. 1111111111 1111111 111111161111111.
11. 6. obducto] «111111 11 111111111 4111111111] 611. 06. 0, 11, 16.
1111111111.» 811 111111111111· 0, 10, 01. 3, 1, 16. 011111
1110, 01 [111111οΜ11 11111· 1111111111 11111111 111111 11110166,
11φὴς 0111111116 1111. Pboou« 11111116. 5, 60.
1307. 11. 1111111. 1701 στυγνὸν 010. 1616101111] 1111111·
6116111111- 1111111111111111· 111111 1111111111, 1111 1161111111,
11111, 1116111111», 1116111611111111 Α11161111111111.» 1111111 11111

 

